(kicad_pcb (version 20171130) (host pcbnew "(5.1.8-0-10_14)")

  (general
    (thickness 1.6)
    (drawings 6)
    (tracks 144)
    (zones 0)
    (modules 56)
    (nets 53)
  )

  (page A4)
  (layers
    (0 F.Cu signal)
    (31 B.Cu signal)
    (32 B.Adhes user)
    (33 F.Adhes user)
    (34 B.Paste user)
    (35 F.Paste user)
    (36 B.SilkS user)
    (37 F.SilkS user)
    (38 B.Mask user)
    (39 F.Mask user)
    (40 Dwgs.User user)
    (41 Cmts.User user)
    (42 Eco1.User user)
    (43 Eco2.User user)
    (44 Edge.Cuts user)
    (45 Margin user)
    (46 B.CrtYd user)
    (47 F.CrtYd user)
    (48 B.Fab user hide)
    (49 F.Fab user hide)
  )

  (setup
    (last_trace_width 0.25)
    (user_trace_width 0.5)
    (trace_clearance 0.2)
    (zone_clearance 0.508)
    (zone_45_only no)
    (trace_min 0.2)
    (via_size 0.8)
    (via_drill 0.4)
    (via_min_size 0.4)
    (via_min_drill 0.3)
    (uvia_size 0.3)
    (uvia_drill 0.1)
    (uvias_allowed no)
    (uvia_min_size 0.2)
    (uvia_min_drill 0.1)
    (edge_width 0.1)
    (segment_width 0.2)
    (pcb_text_width 0.3)
    (pcb_text_size 1.5 1.5)
    (mod_edge_width 0.15)
    (mod_text_size 1 1)
    (mod_text_width 0.15)
    (pad_size 1.524 1.524)
    (pad_drill 0.762)
    (pad_to_mask_clearance 0)
    (aux_axis_origin 73.66 149.86)
    (grid_origin 73.66 149.86)
    (visible_elements FFFFFF7F)
    (pcbplotparams
      (layerselection 0x010fc_ffffffff)
      (usegerberextensions false)
      (usegerberattributes true)
      (usegerberadvancedattributes true)
      (creategerberjobfile true)
      (excludeedgelayer true)
      (linewidth 0.100000)
      (plotframeref false)
      (viasonmask false)
      (mode 1)
      (useauxorigin false)
      (hpglpennumber 1)
      (hpglpenspeed 20)
      (hpglpendiameter 15.000000)
      (psnegative false)
      (psa4output false)
      (plotreference true)
      (plotvalue true)
      (plotinvisibletext false)
      (padsonsilk false)
      (subtractmaskfromsilk false)
      (outputformat 1)
      (mirror false)
      (drillshape 1)
      (scaleselection 1)
      (outputdirectory ""))
  )

  (net 0 "")
  (net 1 GND)
  (net 2 /Interface/RE1)
  (net 3 /Interface/RE2)
  (net 4 "Net-(D1-Pad2)")
  (net 5 "Net-(D2-Pad2)")
  (net 6 "Net-(D3-Pad2)")
  (net 7 "Net-(D4-Pad2)")
  (net 8 "Net-(D5-Pad2)")
  (net 9 "Net-(D6-Pad2)")
  (net 10 "Net-(D7-Pad2)")
  (net 11 "Net-(D8-Pad2)")
  (net 12 "Net-(D9-Pad2)")
  (net 13 "Net-(J1-PadTN)")
  (net 14 "Net-(J1-PadT)")
  (net 15 "Net-(J2-PadT)")
  (net 16 "Net-(J2-PadTN)")
  (net 17 "Net-(J3-PadTN)")
  (net 18 "Net-(J3-PadT)")
  (net 19 "Net-(J4-PadT)")
  (net 20 "Net-(J4-PadTN)")
  (net 21 "Net-(J5-PadTN)")
  (net 22 "Net-(J5-PadT)")
  (net 23 "Net-(J6-PadT)")
  (net 24 "Net-(J6-PadTN)")
  (net 25 "Net-(J7-PadTN)")
  (net 26 "Net-(J7-PadT)")
  (net 27 "Net-(J8-PadTN)")
  (net 28 "Net-(J8-PadT)")
  (net 29 "Net-(J9-PadTN)")
  (net 30 "Net-(J9-PadT)")
  (net 31 "Net-(J10-PadT)")
  (net 32 "Net-(J10-PadTN)")
  (net 33 "Net-(J11-PadT)")
  (net 34 "Net-(J11-PadTN)")
  (net 35 /Interface/display_sda)
  (net 36 /Interface/display_scl)
  (net 37 /Interface/cv_2_in)
  (net 38 /Interface/cv_1_in)
  (net 39 /Interface/clock)
  (net 40 /Interface/button)
  (net 41 +3V3)
  (net 42 /Interface/out_1)
  (net 43 /Interface/out_8)
  (net 44 /Interface/out_2)
  (net 45 /Interface/out_7)
  (net 46 /Interface/out_3)
  (net 47 /Interface/out_6)
  (net 48 /Interface/out_4)
  (net 49 /Interface/out_5)
  (net 50 "Net-(Q1-Pad3)")
  (net 51 "Net-(R5-Pad1)")
  (net 52 "Net-(R10-Pad1)")

  (net_class Default "これはデフォルトのネット クラスです。"
    (clearance 0.2)
    (trace_width 0.25)
    (via_dia 0.8)
    (via_drill 0.4)
    (uvia_dia 0.3)
    (uvia_drill 0.1)
    (add_net +3V3)
    (add_net /Interface/RE1)
    (add_net /Interface/RE2)
    (add_net /Interface/button)
    (add_net /Interface/clock)
    (add_net /Interface/cv_1_in)
    (add_net /Interface/cv_2_in)
    (add_net /Interface/display_scl)
    (add_net /Interface/display_sda)
    (add_net /Interface/out_1)
    (add_net /Interface/out_2)
    (add_net /Interface/out_3)
    (add_net /Interface/out_4)
    (add_net /Interface/out_5)
    (add_net /Interface/out_6)
    (add_net /Interface/out_7)
    (add_net /Interface/out_8)
    (add_net GND)
    (add_net "Net-(D1-Pad2)")
    (add_net "Net-(D2-Pad2)")
    (add_net "Net-(D3-Pad2)")
    (add_net "Net-(D4-Pad2)")
    (add_net "Net-(D5-Pad2)")
    (add_net "Net-(D6-Pad2)")
    (add_net "Net-(D7-Pad2)")
    (add_net "Net-(D8-Pad2)")
    (add_net "Net-(D9-Pad2)")
    (add_net "Net-(J1-PadT)")
    (add_net "Net-(J1-PadTN)")
    (add_net "Net-(J10-PadT)")
    (add_net "Net-(J10-PadTN)")
    (add_net "Net-(J11-PadT)")
    (add_net "Net-(J11-PadTN)")
    (add_net "Net-(J2-PadT)")
    (add_net "Net-(J2-PadTN)")
    (add_net "Net-(J3-PadT)")
    (add_net "Net-(J3-PadTN)")
    (add_net "Net-(J4-PadT)")
    (add_net "Net-(J4-PadTN)")
    (add_net "Net-(J5-PadT)")
    (add_net "Net-(J5-PadTN)")
    (add_net "Net-(J6-PadT)")
    (add_net "Net-(J6-PadTN)")
    (add_net "Net-(J7-PadT)")
    (add_net "Net-(J7-PadTN)")
    (add_net "Net-(J8-PadT)")
    (add_net "Net-(J8-PadTN)")
    (add_net "Net-(J9-PadT)")
    (add_net "Net-(J9-PadTN)")
    (add_net "Net-(Q1-Pad3)")
    (add_net "Net-(R10-Pad1)")
    (add_net "Net-(R5-Pad1)")
  )

  (module MountingHole:MountingHole_3.2mm_M3 (layer F.Cu) (tedit 56D1B4CB) (tstamp 62ABAE09)
    (at 78.74 55.88)
    (descr "Mounting Hole 3.2mm, no annular, M3")
    (tags "mounting hole 3.2mm no annular m3")
    (attr virtual)
    (fp_text reference REF** (at 0 -4.2) (layer F.SilkS) hide
      (effects (font (size 1 1) (thickness 0.15)))
    )
    (fp_text value MountingHole_3.2mm_M3 (at 0 4.2) (layer F.Fab) hide
      (effects (font (size 1 1) (thickness 0.15)))
    )
    (fp_circle (center 0 0) (end 3.45 0) (layer F.CrtYd) (width 0.05))
    (fp_circle (center 0 0) (end 3.2 0) (layer Cmts.User) (width 0.15))
    (fp_text user %R (at 0.3 0) (layer F.Fab)
      (effects (font (size 1 1) (thickness 0.15)))
    )
    (pad 1 np_thru_hole circle (at 0 0) (size 3.2 3.2) (drill 3.2) (layers *.Cu *.Mask))
  )

  (module MountingHole:MountingHole_3.2mm_M3 (layer F.Cu) (tedit 56D1B4CB) (tstamp 62ABAE09)
    (at 110.49 146.05)
    (descr "Mounting Hole 3.2mm, no annular, M3")
    (tags "mounting hole 3.2mm no annular m3")
    (attr virtual)
    (fp_text reference REF** (at 0 -4.2) (layer F.SilkS) hide
      (effects (font (size 1 1) (thickness 0.15)))
    )
    (fp_text value MountingHole_3.2mm_M3 (at 0 4.2) (layer F.Fab) hide
      (effects (font (size 1 1) (thickness 0.15)))
    )
    (fp_circle (center 0 0) (end 3.45 0) (layer F.CrtYd) (width 0.05))
    (fp_circle (center 0 0) (end 3.2 0) (layer Cmts.User) (width 0.15))
    (fp_text user %R (at 0.3 0) (layer F.Fab)
      (effects (font (size 1 1) (thickness 0.15)))
    )
    (pad 1 np_thru_hole circle (at 0 0) (size 3.2 3.2) (drill 3.2) (layers *.Cu *.Mask))
  )

  (module MountingHole:MountingHole_3.2mm_M3 (layer F.Cu) (tedit 56D1B4CB) (tstamp 62ABA436)
    (at 85.09 146.05)
    (descr "Mounting Hole 3.2mm, no annular, M3")
    (tags "mounting hole 3.2mm no annular m3")
    (attr virtual)
    (fp_text reference REF** (at 0 -4.2) (layer F.SilkS) hide
      (effects (font (size 1 1) (thickness 0.15)))
    )
    (fp_text value MountingHole_3.2mm_M3 (at 0 4.2) (layer F.Fab) hide
      (effects (font (size 1 1) (thickness 0.15)))
    )
    (fp_circle (center 0 0) (end 3.45 0) (layer F.CrtYd) (width 0.05))
    (fp_circle (center 0 0) (end 3.2 0) (layer Cmts.User) (width 0.15))
    (fp_text user %R (at 0.3 0) (layer F.Fab)
      (effects (font (size 1 1) (thickness 0.15)))
    )
    (pad 1 np_thru_hole circle (at 0 0) (size 3.2 3.2) (drill 3.2) (layers *.Cu *.Mask))
  )

  (module Attenuverter:C_Axial_L4.8mm_D2.0mm_P2.54mm_Horizontal (layer F.Cu) (tedit 62A9D55A) (tstamp 62AB3AF1)
    (at 97.79 73.66)
    (path /63F383DE/63FA10F1)
    (fp_text reference C1 (at 0 2.54) (layer F.SilkS)
      (effects (font (size 1 1) (thickness 0.15)))
    )
    (fp_text value 0.1u (at 2.54 2.54) (layer F.Fab)
      (effects (font (size 1 1) (thickness 0.15)))
    )
    (fp_line (start 3.64 -1.03) (end -1.2 -1.03) (layer F.SilkS) (width 0.12))
    (fp_line (start 3.64 0.97) (end 3.64 -1.03) (layer F.SilkS) (width 0.12))
    (fp_line (start -1.2 0.97) (end 3.64 0.97) (layer F.SilkS) (width 0.12))
    (fp_line (start -1.2 -1.03) (end -1.2 0.97) (layer F.SilkS) (width 0.12))
    (pad 2 thru_hole circle (at 2.54 0) (size 1.524 1.524) (drill 0.762) (layers *.Cu *.Mask)
      (net 1 GND))
    (pad 1 thru_hole circle (at 0 0) (size 1.524 1.524) (drill 0.762) (layers *.Cu *.Mask)
      (net 2 /Interface/RE1))
  )

  (module Attenuverter:C_Axial_L4.8mm_D2.0mm_P2.54mm_Horizontal (layer F.Cu) (tedit 62A9D55A) (tstamp 62AB3AFB)
    (at 119.38 71.12 270)
    (path /63F383DE/63FA10F7)
    (fp_text reference C2 (at 1.27 2.54 90) (layer F.SilkS)
      (effects (font (size 1 1) (thickness 0.15)))
    )
    (fp_text value 0.1u (at 2.54 2.54 90) (layer F.Fab)
      (effects (font (size 1 1) (thickness 0.15)))
    )
    (fp_line (start -1.2 -1.03) (end -1.2 0.97) (layer F.SilkS) (width 0.12))
    (fp_line (start -1.2 0.97) (end 3.64 0.97) (layer F.SilkS) (width 0.12))
    (fp_line (start 3.64 0.97) (end 3.64 -1.03) (layer F.SilkS) (width 0.12))
    (fp_line (start 3.64 -1.03) (end -1.2 -1.03) (layer F.SilkS) (width 0.12))
    (pad 1 thru_hole circle (at 0 0 270) (size 1.524 1.524) (drill 0.762) (layers *.Cu *.Mask)
      (net 3 /Interface/RE2))
    (pad 2 thru_hole circle (at 2.54 0 270) (size 1.524 1.524) (drill 0.762) (layers *.Cu *.Mask)
      (net 1 GND))
  )

  (module LED_THT:LED_D4.0mm (layer F.Cu) (tedit 587A3A7B) (tstamp 62AB3B0E)
    (at 78.74 76.2 90)
    (descr "LED, diameter 4.0mm, 2 pins, http://www.kingbright.com/attachments/file/psearch/000/00/00/L-43GD(Ver.12B).pdf")
    (tags "LED diameter 4.0mm 2 pins")
    (path /63F383DE/63FA1066)
    (fp_text reference D1 (at 1.27 -3.81 90) (layer F.SilkS)
      (effects (font (size 1 1) (thickness 0.15)))
    )
    (fp_text value clock (at 1.27 3.46 90) (layer F.Fab)
      (effects (font (size 1 1) (thickness 0.15)))
    )
    (fp_line (start 4 -2.75) (end -1.45 -2.75) (layer F.CrtYd) (width 0.05))
    (fp_line (start 4 2.75) (end 4 -2.75) (layer F.CrtYd) (width 0.05))
    (fp_line (start -1.45 2.75) (end 4 2.75) (layer F.CrtYd) (width 0.05))
    (fp_line (start -1.45 -2.75) (end -1.45 2.75) (layer F.CrtYd) (width 0.05))
    (fp_line (start -0.79 1.08) (end -0.79 1.399) (layer F.SilkS) (width 0.12))
    (fp_line (start -0.79 -1.399) (end -0.79 -1.08) (layer F.SilkS) (width 0.12))
    (fp_line (start -0.73 -1.32665) (end -0.73 1.32665) (layer F.Fab) (width 0.1))
    (fp_circle (center 1.27 0) (end 3.27 0) (layer F.Fab) (width 0.1))
    (fp_arc (start 1.27 0) (end -0.41333 1.08) (angle -114.6) (layer F.SilkS) (width 0.12))
    (fp_arc (start 1.27 0) (end -0.41333 -1.08) (angle 114.6) (layer F.SilkS) (width 0.12))
    (fp_arc (start 1.27 0) (end -0.79 1.398749) (angle -120.1) (layer F.SilkS) (width 0.12))
    (fp_arc (start 1.27 0) (end -0.79 -1.398749) (angle 120.1) (layer F.SilkS) (width 0.12))
    (fp_arc (start 1.27 0) (end -0.73 -1.32665) (angle 292.9) (layer F.Fab) (width 0.1))
    (pad 2 thru_hole circle (at 2.54 0 90) (size 1.8 1.8) (drill 0.9) (layers *.Cu *.Mask)
      (net 4 "Net-(D1-Pad2)"))
    (pad 1 thru_hole rect (at 0 0 90) (size 1.8 1.8) (drill 0.9) (layers *.Cu *.Mask)
      (net 1 GND))
    (model ${KISYS3DMOD}/LED_THT.3dshapes/LED_D4.0mm.wrl
      (at (xyz 0 0 0))
      (scale (xyz 1 1 1))
      (rotate (xyz 0 0 0))
    )
  )

  (module LED_THT:LED_D4.0mm (layer F.Cu) (tedit 587A3A7B) (tstamp 62AB3B21)
    (at 78.74 104.14 90)
    (descr "LED, diameter 4.0mm, 2 pins, http://www.kingbright.com/attachments/file/psearch/000/00/00/L-43GD(Ver.12B).pdf")
    (tags "LED diameter 4.0mm 2 pins")
    (path /63F383DE/63FB5DB8)
    (fp_text reference D2 (at 1.27 -3.46 90) (layer F.SilkS)
      (effects (font (size 1 1) (thickness 0.15)))
    )
    (fp_text value out1 (at 1.27 3.46 90) (layer F.Fab)
      (effects (font (size 1 1) (thickness 0.15)))
    )
    (fp_circle (center 1.27 0) (end 3.27 0) (layer F.Fab) (width 0.1))
    (fp_line (start -0.73 -1.32665) (end -0.73 1.32665) (layer F.Fab) (width 0.1))
    (fp_line (start -0.79 -1.399) (end -0.79 -1.08) (layer F.SilkS) (width 0.12))
    (fp_line (start -0.79 1.08) (end -0.79 1.399) (layer F.SilkS) (width 0.12))
    (fp_line (start -1.45 -2.75) (end -1.45 2.75) (layer F.CrtYd) (width 0.05))
    (fp_line (start -1.45 2.75) (end 4 2.75) (layer F.CrtYd) (width 0.05))
    (fp_line (start 4 2.75) (end 4 -2.75) (layer F.CrtYd) (width 0.05))
    (fp_line (start 4 -2.75) (end -1.45 -2.75) (layer F.CrtYd) (width 0.05))
    (fp_arc (start 1.27 0) (end -0.73 -1.32665) (angle 292.9) (layer F.Fab) (width 0.1))
    (fp_arc (start 1.27 0) (end -0.79 -1.398749) (angle 120.1) (layer F.SilkS) (width 0.12))
    (fp_arc (start 1.27 0) (end -0.79 1.398749) (angle -120.1) (layer F.SilkS) (width 0.12))
    (fp_arc (start 1.27 0) (end -0.41333 -1.08) (angle 114.6) (layer F.SilkS) (width 0.12))
    (fp_arc (start 1.27 0) (end -0.41333 1.08) (angle -114.6) (layer F.SilkS) (width 0.12))
    (pad 1 thru_hole rect (at 0 0 90) (size 1.8 1.8) (drill 0.9) (layers *.Cu *.Mask)
      (net 1 GND))
    (pad 2 thru_hole circle (at 2.54 0 90) (size 1.8 1.8) (drill 0.9) (layers *.Cu *.Mask)
      (net 5 "Net-(D2-Pad2)"))
    (model ${KISYS3DMOD}/LED_THT.3dshapes/LED_D4.0mm.wrl
      (at (xyz 0 0 0))
      (scale (xyz 1 1 1))
      (rotate (xyz 0 0 0))
    )
  )

  (module LED_THT:LED_D4.0mm (layer F.Cu) (tedit 587A3A7B) (tstamp 62AB3B34)
    (at 91.44 104.14 90)
    (descr "LED, diameter 4.0mm, 2 pins, http://www.kingbright.com/attachments/file/psearch/000/00/00/L-43GD(Ver.12B).pdf")
    (tags "LED diameter 4.0mm 2 pins")
    (path /63F383DE/63FB5DCA)
    (fp_text reference D3 (at 3.81 2.54 90) (layer F.SilkS)
      (effects (font (size 1 1) (thickness 0.15)))
    )
    (fp_text value out2 (at 1.27 3.46 90) (layer F.Fab)
      (effects (font (size 1 1) (thickness 0.15)))
    )
    (fp_circle (center 1.27 0) (end 3.27 0) (layer F.Fab) (width 0.1))
    (fp_line (start -0.73 -1.32665) (end -0.73 1.32665) (layer F.Fab) (width 0.1))
    (fp_line (start -0.79 -1.399) (end -0.79 -1.08) (layer F.SilkS) (width 0.12))
    (fp_line (start -0.79 1.08) (end -0.79 1.399) (layer F.SilkS) (width 0.12))
    (fp_line (start -1.45 -2.75) (end -1.45 2.75) (layer F.CrtYd) (width 0.05))
    (fp_line (start -1.45 2.75) (end 4 2.75) (layer F.CrtYd) (width 0.05))
    (fp_line (start 4 2.75) (end 4 -2.75) (layer F.CrtYd) (width 0.05))
    (fp_line (start 4 -2.75) (end -1.45 -2.75) (layer F.CrtYd) (width 0.05))
    (fp_arc (start 1.27 0) (end -0.73 -1.32665) (angle 292.9) (layer F.Fab) (width 0.1))
    (fp_arc (start 1.27 0) (end -0.79 -1.398749) (angle 120.1) (layer F.SilkS) (width 0.12))
    (fp_arc (start 1.27 0) (end -0.79 1.398749) (angle -120.1) (layer F.SilkS) (width 0.12))
    (fp_arc (start 1.27 0) (end -0.41333 -1.08) (angle 114.6) (layer F.SilkS) (width 0.12))
    (fp_arc (start 1.27 0) (end -0.41333 1.08) (angle -114.6) (layer F.SilkS) (width 0.12))
    (pad 1 thru_hole rect (at 0 0 90) (size 1.8 1.8) (drill 0.9) (layers *.Cu *.Mask)
      (net 1 GND))
    (pad 2 thru_hole circle (at 2.54 0 90) (size 1.8 1.8) (drill 0.9) (layers *.Cu *.Mask)
      (net 6 "Net-(D3-Pad2)"))
    (model ${KISYS3DMOD}/LED_THT.3dshapes/LED_D4.0mm.wrl
      (at (xyz 0 0 0))
      (scale (xyz 1 1 1))
      (rotate (xyz 0 0 0))
    )
  )

  (module LED_THT:LED_D4.0mm (layer F.Cu) (tedit 587A3A7B) (tstamp 62AB3B47)
    (at 104.14 104.14 90)
    (descr "LED, diameter 4.0mm, 2 pins, http://www.kingbright.com/attachments/file/psearch/000/00/00/L-43GD(Ver.12B).pdf")
    (tags "LED diameter 4.0mm 2 pins")
    (path /63F383DE/63FB5DDC)
    (fp_text reference D4 (at 1.27 -3.46 90) (layer F.SilkS)
      (effects (font (size 1 1) (thickness 0.15)))
    )
    (fp_text value out3 (at 1.27 3.46 90) (layer F.Fab)
      (effects (font (size 1 1) (thickness 0.15)))
    )
    (fp_circle (center 1.27 0) (end 3.27 0) (layer F.Fab) (width 0.1))
    (fp_line (start -0.73 -1.32665) (end -0.73 1.32665) (layer F.Fab) (width 0.1))
    (fp_line (start -0.79 -1.399) (end -0.79 -1.08) (layer F.SilkS) (width 0.12))
    (fp_line (start -0.79 1.08) (end -0.79 1.399) (layer F.SilkS) (width 0.12))
    (fp_line (start -1.45 -2.75) (end -1.45 2.75) (layer F.CrtYd) (width 0.05))
    (fp_line (start -1.45 2.75) (end 4 2.75) (layer F.CrtYd) (width 0.05))
    (fp_line (start 4 2.75) (end 4 -2.75) (layer F.CrtYd) (width 0.05))
    (fp_line (start 4 -2.75) (end -1.45 -2.75) (layer F.CrtYd) (width 0.05))
    (fp_arc (start 1.27 0) (end -0.73 -1.32665) (angle 292.9) (layer F.Fab) (width 0.1))
    (fp_arc (start 1.27 0) (end -0.79 -1.398749) (angle 120.1) (layer F.SilkS) (width 0.12))
    (fp_arc (start 1.27 0) (end -0.79 1.398749) (angle -120.1) (layer F.SilkS) (width 0.12))
    (fp_arc (start 1.27 0) (end -0.41333 -1.08) (angle 114.6) (layer F.SilkS) (width 0.12))
    (fp_arc (start 1.27 0) (end -0.41333 1.08) (angle -114.6) (layer F.SilkS) (width 0.12))
    (pad 1 thru_hole rect (at 0 0 90) (size 1.8 1.8) (drill 0.9) (layers *.Cu *.Mask)
      (net 1 GND))
    (pad 2 thru_hole circle (at 2.54 0 90) (size 1.8 1.8) (drill 0.9) (layers *.Cu *.Mask)
      (net 7 "Net-(D4-Pad2)"))
    (model ${KISYS3DMOD}/LED_THT.3dshapes/LED_D4.0mm.wrl
      (at (xyz 0 0 0))
      (scale (xyz 1 1 1))
      (rotate (xyz 0 0 0))
    )
  )

  (module LED_THT:LED_D4.0mm (layer F.Cu) (tedit 587A3A7B) (tstamp 62AB3B5A)
    (at 116.84 104.14 90)
    (descr "LED, diameter 4.0mm, 2 pins, http://www.kingbright.com/attachments/file/psearch/000/00/00/L-43GD(Ver.12B).pdf")
    (tags "LED diameter 4.0mm 2 pins")
    (path /63F383DE/63FB5DEE)
    (fp_text reference D5 (at 1.27 3.81 90) (layer F.SilkS)
      (effects (font (size 1 1) (thickness 0.15)))
    )
    (fp_text value out4 (at 1.27 3.46 90) (layer F.Fab)
      (effects (font (size 1 1) (thickness 0.15)))
    )
    (fp_circle (center 1.27 0) (end 3.27 0) (layer F.Fab) (width 0.1))
    (fp_line (start -0.73 -1.32665) (end -0.73 1.32665) (layer F.Fab) (width 0.1))
    (fp_line (start -0.79 -1.399) (end -0.79 -1.08) (layer F.SilkS) (width 0.12))
    (fp_line (start -0.79 1.08) (end -0.79 1.399) (layer F.SilkS) (width 0.12))
    (fp_line (start -1.45 -2.75) (end -1.45 2.75) (layer F.CrtYd) (width 0.05))
    (fp_line (start -1.45 2.75) (end 4 2.75) (layer F.CrtYd) (width 0.05))
    (fp_line (start 4 2.75) (end 4 -2.75) (layer F.CrtYd) (width 0.05))
    (fp_line (start 4 -2.75) (end -1.45 -2.75) (layer F.CrtYd) (width 0.05))
    (fp_arc (start 1.27 0) (end -0.73 -1.32665) (angle 292.9) (layer F.Fab) (width 0.1))
    (fp_arc (start 1.27 0) (end -0.79 -1.398749) (angle 120.1) (layer F.SilkS) (width 0.12))
    (fp_arc (start 1.27 0) (end -0.79 1.398749) (angle -120.1) (layer F.SilkS) (width 0.12))
    (fp_arc (start 1.27 0) (end -0.41333 -1.08) (angle 114.6) (layer F.SilkS) (width 0.12))
    (fp_arc (start 1.27 0) (end -0.41333 1.08) (angle -114.6) (layer F.SilkS) (width 0.12))
    (pad 1 thru_hole rect (at 0 0 90) (size 1.8 1.8) (drill 0.9) (layers *.Cu *.Mask)
      (net 1 GND))
    (pad 2 thru_hole circle (at 2.54 0 90) (size 1.8 1.8) (drill 0.9) (layers *.Cu *.Mask)
      (net 8 "Net-(D5-Pad2)"))
    (model ${KISYS3DMOD}/LED_THT.3dshapes/LED_D4.0mm.wrl
      (at (xyz 0 0 0))
      (scale (xyz 1 1 1))
      (rotate (xyz 0 0 0))
    )
  )

  (module LED_THT:LED_D4.0mm (layer F.Cu) (tedit 587A3A7B) (tstamp 62AB3B6D)
    (at 78.74 129.54 90)
    (descr "LED, diameter 4.0mm, 2 pins, http://www.kingbright.com/attachments/file/psearch/000/00/00/L-43GD(Ver.12B).pdf")
    (tags "LED diameter 4.0mm 2 pins")
    (path /63F383DE/63FCC805)
    (fp_text reference D6 (at 1.27 -3.46 90) (layer F.SilkS)
      (effects (font (size 1 1) (thickness 0.15)))
    )
    (fp_text value out5 (at 1.27 3.46 90) (layer F.Fab)
      (effects (font (size 1 1) (thickness 0.15)))
    )
    (fp_line (start 4 -2.75) (end -1.45 -2.75) (layer F.CrtYd) (width 0.05))
    (fp_line (start 4 2.75) (end 4 -2.75) (layer F.CrtYd) (width 0.05))
    (fp_line (start -1.45 2.75) (end 4 2.75) (layer F.CrtYd) (width 0.05))
    (fp_line (start -1.45 -2.75) (end -1.45 2.75) (layer F.CrtYd) (width 0.05))
    (fp_line (start -0.79 1.08) (end -0.79 1.399) (layer F.SilkS) (width 0.12))
    (fp_line (start -0.79 -1.399) (end -0.79 -1.08) (layer F.SilkS) (width 0.12))
    (fp_line (start -0.73 -1.32665) (end -0.73 1.32665) (layer F.Fab) (width 0.1))
    (fp_circle (center 1.27 0) (end 3.27 0) (layer F.Fab) (width 0.1))
    (fp_arc (start 1.27 0) (end -0.41333 1.08) (angle -114.6) (layer F.SilkS) (width 0.12))
    (fp_arc (start 1.27 0) (end -0.41333 -1.08) (angle 114.6) (layer F.SilkS) (width 0.12))
    (fp_arc (start 1.27 0) (end -0.79 1.398749) (angle -120.1) (layer F.SilkS) (width 0.12))
    (fp_arc (start 1.27 0) (end -0.79 -1.398749) (angle 120.1) (layer F.SilkS) (width 0.12))
    (fp_arc (start 1.27 0) (end -0.73 -1.32665) (angle 292.9) (layer F.Fab) (width 0.1))
    (pad 2 thru_hole circle (at 2.54 0 90) (size 1.8 1.8) (drill 0.9) (layers *.Cu *.Mask)
      (net 9 "Net-(D6-Pad2)"))
    (pad 1 thru_hole rect (at 0 0 90) (size 1.8 1.8) (drill 0.9) (layers *.Cu *.Mask)
      (net 1 GND))
    (model ${KISYS3DMOD}/LED_THT.3dshapes/LED_D4.0mm.wrl
      (at (xyz 0 0 0))
      (scale (xyz 1 1 1))
      (rotate (xyz 0 0 0))
    )
  )

  (module LED_THT:LED_D4.0mm (layer F.Cu) (tedit 587A3A7B) (tstamp 62AB3B80)
    (at 91.44 129.54 90)
    (descr "LED, diameter 4.0mm, 2 pins, http://www.kingbright.com/attachments/file/psearch/000/00/00/L-43GD(Ver.12B).pdf")
    (tags "LED diameter 4.0mm 2 pins")
    (path /63F383DE/63FCC817)
    (fp_text reference D7 (at 3.81 3.81 90) (layer F.SilkS)
      (effects (font (size 1 1) (thickness 0.15)))
    )
    (fp_text value out6 (at 1.27 3.46 90) (layer F.Fab)
      (effects (font (size 1 1) (thickness 0.15)))
    )
    (fp_line (start 4 -2.75) (end -1.45 -2.75) (layer F.CrtYd) (width 0.05))
    (fp_line (start 4 2.75) (end 4 -2.75) (layer F.CrtYd) (width 0.05))
    (fp_line (start -1.45 2.75) (end 4 2.75) (layer F.CrtYd) (width 0.05))
    (fp_line (start -1.45 -2.75) (end -1.45 2.75) (layer F.CrtYd) (width 0.05))
    (fp_line (start -0.79 1.08) (end -0.79 1.399) (layer F.SilkS) (width 0.12))
    (fp_line (start -0.79 -1.399) (end -0.79 -1.08) (layer F.SilkS) (width 0.12))
    (fp_line (start -0.73 -1.32665) (end -0.73 1.32665) (layer F.Fab) (width 0.1))
    (fp_circle (center 1.27 0) (end 3.27 0) (layer F.Fab) (width 0.1))
    (fp_arc (start 1.27 0) (end -0.41333 1.08) (angle -114.6) (layer F.SilkS) (width 0.12))
    (fp_arc (start 1.27 0) (end -0.41333 -1.08) (angle 114.6) (layer F.SilkS) (width 0.12))
    (fp_arc (start 1.27 0) (end -0.79 1.398749) (angle -120.1) (layer F.SilkS) (width 0.12))
    (fp_arc (start 1.27 0) (end -0.79 -1.398749) (angle 120.1) (layer F.SilkS) (width 0.12))
    (fp_arc (start 1.27 0) (end -0.73 -1.32665) (angle 292.9) (layer F.Fab) (width 0.1))
    (pad 2 thru_hole circle (at 2.54 0 90) (size 1.8 1.8) (drill 0.9) (layers *.Cu *.Mask)
      (net 10 "Net-(D7-Pad2)"))
    (pad 1 thru_hole rect (at 0 0 90) (size 1.8 1.8) (drill 0.9) (layers *.Cu *.Mask)
      (net 1 GND))
    (model ${KISYS3DMOD}/LED_THT.3dshapes/LED_D4.0mm.wrl
      (at (xyz 0 0 0))
      (scale (xyz 1 1 1))
      (rotate (xyz 0 0 0))
    )
  )

  (module LED_THT:LED_D4.0mm (layer F.Cu) (tedit 587A3A7B) (tstamp 62ABAD62)
    (at 104.14 129.54 90)
    (descr "LED, diameter 4.0mm, 2 pins, http://www.kingbright.com/attachments/file/psearch/000/00/00/L-43GD(Ver.12B).pdf")
    (tags "LED diameter 4.0mm 2 pins")
    (path /63F383DE/63FCC829)
    (fp_text reference D8 (at 1.27 -3.46 90) (layer F.SilkS)
      (effects (font (size 1 1) (thickness 0.15)))
    )
    (fp_text value out7 (at 1.27 3.46 90) (layer F.Fab)
      (effects (font (size 1 1) (thickness 0.15)))
    )
    (fp_line (start 4 -2.75) (end -1.45 -2.75) (layer F.CrtYd) (width 0.05))
    (fp_line (start 4 2.75) (end 4 -2.75) (layer F.CrtYd) (width 0.05))
    (fp_line (start -1.45 2.75) (end 4 2.75) (layer F.CrtYd) (width 0.05))
    (fp_line (start -1.45 -2.75) (end -1.45 2.75) (layer F.CrtYd) (width 0.05))
    (fp_line (start -0.79 1.08) (end -0.79 1.399) (layer F.SilkS) (width 0.12))
    (fp_line (start -0.79 -1.399) (end -0.79 -1.08) (layer F.SilkS) (width 0.12))
    (fp_line (start -0.73 -1.32665) (end -0.73 1.32665) (layer F.Fab) (width 0.1))
    (fp_circle (center 1.27 0) (end 3.27 0) (layer F.Fab) (width 0.1))
    (fp_arc (start 1.27 0) (end -0.41333 1.08) (angle -114.6) (layer F.SilkS) (width 0.12))
    (fp_arc (start 1.27 0) (end -0.41333 -1.08) (angle 114.6) (layer F.SilkS) (width 0.12))
    (fp_arc (start 1.27 0) (end -0.79 1.398749) (angle -120.1) (layer F.SilkS) (width 0.12))
    (fp_arc (start 1.27 0) (end -0.79 -1.398749) (angle 120.1) (layer F.SilkS) (width 0.12))
    (fp_arc (start 1.27 0) (end -0.73 -1.32665) (angle 292.9) (layer F.Fab) (width 0.1))
    (pad 2 thru_hole circle (at 2.54 0 90) (size 1.8 1.8) (drill 0.9) (layers *.Cu *.Mask)
      (net 11 "Net-(D8-Pad2)"))
    (pad 1 thru_hole rect (at 0 0 90) (size 1.8 1.8) (drill 0.9) (layers *.Cu *.Mask)
      (net 1 GND))
    (model ${KISYS3DMOD}/LED_THT.3dshapes/LED_D4.0mm.wrl
      (at (xyz 0 0 0))
      (scale (xyz 1 1 1))
      (rotate (xyz 0 0 0))
    )
  )

  (module LED_THT:LED_D4.0mm (layer F.Cu) (tedit 587A3A7B) (tstamp 62ABADBE)
    (at 116.84 129.54 90)
    (descr "LED, diameter 4.0mm, 2 pins, http://www.kingbright.com/attachments/file/psearch/000/00/00/L-43GD(Ver.12B).pdf")
    (tags "LED diameter 4.0mm 2 pins")
    (path /63F383DE/63FCC83B)
    (fp_text reference D9 (at 3.81 2.54 270) (layer F.SilkS)
      (effects (font (size 1 1) (thickness 0.15)))
    )
    (fp_text value out8 (at 1.27 3.46 90) (layer F.Fab)
      (effects (font (size 1 1) (thickness 0.15)))
    )
    (fp_circle (center 1.27 0) (end 3.27 0) (layer F.Fab) (width 0.1))
    (fp_line (start -0.73 -1.32665) (end -0.73 1.32665) (layer F.Fab) (width 0.1))
    (fp_line (start -0.79 -1.399) (end -0.79 -1.08) (layer F.SilkS) (width 0.12))
    (fp_line (start -0.79 1.08) (end -0.79 1.399) (layer F.SilkS) (width 0.12))
    (fp_line (start -1.45 -2.75) (end -1.45 2.75) (layer F.CrtYd) (width 0.05))
    (fp_line (start -1.45 2.75) (end 4 2.75) (layer F.CrtYd) (width 0.05))
    (fp_line (start 4 2.75) (end 4 -2.75) (layer F.CrtYd) (width 0.05))
    (fp_line (start 4 -2.75) (end -1.45 -2.75) (layer F.CrtYd) (width 0.05))
    (fp_arc (start 1.27 0) (end -0.73 -1.32665) (angle 292.9) (layer F.Fab) (width 0.1))
    (fp_arc (start 1.27 0) (end -0.79 -1.398749) (angle 120.1) (layer F.SilkS) (width 0.12))
    (fp_arc (start 1.27 0) (end -0.79 1.398749) (angle -120.1) (layer F.SilkS) (width 0.12))
    (fp_arc (start 1.27 0) (end -0.41333 -1.08) (angle 114.6) (layer F.SilkS) (width 0.12))
    (fp_arc (start 1.27 0) (end -0.41333 1.08) (angle -114.6) (layer F.SilkS) (width 0.12))
    (pad 1 thru_hole rect (at 0 0 90) (size 1.8 1.8) (drill 0.9) (layers *.Cu *.Mask)
      (net 1 GND))
    (pad 2 thru_hole circle (at 2.54 0 90) (size 1.8 1.8) (drill 0.9) (layers *.Cu *.Mask)
      (net 12 "Net-(D9-Pad2)"))
    (model ${KISYS3DMOD}/LED_THT.3dshapes/LED_D4.0mm.wrl
      (at (xyz 0 0 0))
      (scale (xyz 1 1 1))
      (rotate (xyz 0 0 0))
    )
  )

  (module Attenuverter:mono_jack_3.5mm (layer F.Cu) (tedit 60FEAA3E) (tstamp 62AB3BC7)
    (at 78.74 83.82 180)
    (path /63F383DE/63FA1048)
    (fp_text reference J1 (at 0 -9.1) (layer F.SilkS)
      (effects (font (size 1 1) (thickness 0.15)))
    )
    (fp_text value clock (at -0.03 7.11) (layer F.Fab)
      (effects (font (size 1 1) (thickness 0.15)))
    )
    (fp_line (start -1.03 -7.48) (end -0.17 -7.48) (layer F.SilkS) (width 0.12))
    (fp_line (start -0.47 6) (end -4.47 6) (layer F.SilkS) (width 0.12))
    (fp_line (start 5.03 -7.9) (end -4.97 -7.9) (layer F.CrtYd) (width 0.05))
    (fp_line (start 5.03 6.5) (end 5.03 -7.9) (layer F.CrtYd) (width 0.05))
    (fp_line (start 5.03 6.5) (end -4.97 6.5) (layer F.CrtYd) (width 0.05))
    (fp_line (start 4.53 -4.45) (end -4.47 -4.45) (layer F.Fab) (width 0.1))
    (fp_line (start 4.53 6) (end -4.47 6) (layer F.Fab) (width 0.1))
    (fp_line (start 4.53 6) (end 4.53 -4.4) (layer F.Fab) (width 0.1))
    (fp_line (start -4.97 6.5) (end -4.97 -7.9) (layer F.CrtYd) (width 0.05))
    (fp_line (start -4.47 6) (end -4.47 -4.4) (layer F.Fab) (width 0.1))
    (fp_line (start -4.47 -4.5) (end -4.47 6) (layer F.SilkS) (width 0.12))
    (fp_line (start 4.53 -4.5) (end 4.53 6) (layer F.SilkS) (width 0.12))
    (fp_circle (center 0.03 0) (end 1.53 0) (layer Dwgs.User) (width 0.12))
    (fp_line (start 0.12 1.48) (end 1.51 0.09) (layer Dwgs.User) (width 0.12))
    (fp_line (start -1.39 0.395) (end 0.43 -1.42) (layer Dwgs.User) (width 0.12))
    (fp_line (start -1.38 -0.46) (end -0.43 -1.41) (layer Dwgs.User) (width 0.12))
    (fp_line (start -0.55 1.35) (end 1.39 -0.59) (layer Dwgs.User) (width 0.12))
    (fp_line (start -1.04 1.01) (end 1.04 -1.07) (layer Dwgs.User) (width 0.12))
    (fp_line (start 4.53 6) (end 0.53 6) (layer F.SilkS) (width 0.12))
    (fp_circle (center 0.03 0) (end 1.83 0) (layer F.SilkS) (width 0.12))
    (fp_line (start -1.03 -7.48) (end -1.03 -6.68) (layer F.SilkS) (width 0.12))
    (fp_circle (center 0.03 0) (end 1.83 0) (layer F.Fab) (width 0.1))
    (fp_line (start 0.03 -6.48) (end 0.03 -4.45) (layer F.Fab) (width 0.1))
    (fp_line (start -0.32 -4.5) (end -4.47 -4.5) (layer F.SilkS) (width 0.12))
    (fp_line (start 4.53 -4.5) (end 0.38 -4.5) (layer F.SilkS) (width 0.12))
    (fp_text user KEEPOUT (at 0.03 0) (layer Cmts.User)
      (effects (font (size 0.4 0.4) (thickness 0.051)))
    )
    (pad TN thru_hole oval (at 0.03 -3.38) (size 2.5 2.13) (drill oval 2 1.2) (layers *.Cu *.Mask)
      (net 13 "Net-(J1-PadTN)"))
    (pad T thru_hole oval (at 0.03 4.92) (size 2.5 2.13) (drill oval 2 1.2) (layers *.Cu *.Mask)
      (net 14 "Net-(J1-PadT)"))
    (pad S thru_hole rect (at 0.03 -6.48) (size 1.93 1.83) (drill 1.22) (layers *.Cu *.Mask)
      (net 1 GND))
  )

  (module Attenuverter:mono_jack_3.5mm (layer F.Cu) (tedit 60FEAA3E) (tstamp 62AB3BE8)
    (at 104.14 83.82 180)
    (path /63F383DE/63FA104E)
    (fp_text reference J2 (at 0 -9.1) (layer F.SilkS)
      (effects (font (size 1 1) (thickness 0.15)))
    )
    (fp_text value cv1 (at -0.03 7.11) (layer F.Fab)
      (effects (font (size 1 1) (thickness 0.15)))
    )
    (fp_line (start 4.53 -4.5) (end 0.38 -4.5) (layer F.SilkS) (width 0.12))
    (fp_line (start -0.32 -4.5) (end -4.47 -4.5) (layer F.SilkS) (width 0.12))
    (fp_line (start 0.03 -6.48) (end 0.03 -4.45) (layer F.Fab) (width 0.1))
    (fp_circle (center 0.03 0) (end 1.83 0) (layer F.Fab) (width 0.1))
    (fp_line (start -1.03 -7.48) (end -1.03 -6.68) (layer F.SilkS) (width 0.12))
    (fp_circle (center 0.03 0) (end 1.83 0) (layer F.SilkS) (width 0.12))
    (fp_line (start 4.53 6) (end 0.53 6) (layer F.SilkS) (width 0.12))
    (fp_line (start -1.04 1.01) (end 1.04 -1.07) (layer Dwgs.User) (width 0.12))
    (fp_line (start -0.55 1.35) (end 1.39 -0.59) (layer Dwgs.User) (width 0.12))
    (fp_line (start -1.38 -0.46) (end -0.43 -1.41) (layer Dwgs.User) (width 0.12))
    (fp_line (start -1.39 0.395) (end 0.43 -1.42) (layer Dwgs.User) (width 0.12))
    (fp_line (start 0.12 1.48) (end 1.51 0.09) (layer Dwgs.User) (width 0.12))
    (fp_circle (center 0.03 0) (end 1.53 0) (layer Dwgs.User) (width 0.12))
    (fp_line (start 4.53 -4.5) (end 4.53 6) (layer F.SilkS) (width 0.12))
    (fp_line (start -4.47 -4.5) (end -4.47 6) (layer F.SilkS) (width 0.12))
    (fp_line (start -4.47 6) (end -4.47 -4.4) (layer F.Fab) (width 0.1))
    (fp_line (start -4.97 6.5) (end -4.97 -7.9) (layer F.CrtYd) (width 0.05))
    (fp_line (start 4.53 6) (end 4.53 -4.4) (layer F.Fab) (width 0.1))
    (fp_line (start 4.53 6) (end -4.47 6) (layer F.Fab) (width 0.1))
    (fp_line (start 4.53 -4.45) (end -4.47 -4.45) (layer F.Fab) (width 0.1))
    (fp_line (start 5.03 6.5) (end -4.97 6.5) (layer F.CrtYd) (width 0.05))
    (fp_line (start 5.03 6.5) (end 5.03 -7.9) (layer F.CrtYd) (width 0.05))
    (fp_line (start 5.03 -7.9) (end -4.97 -7.9) (layer F.CrtYd) (width 0.05))
    (fp_line (start -0.47 6) (end -4.47 6) (layer F.SilkS) (width 0.12))
    (fp_line (start -1.03 -7.48) (end -0.17 -7.48) (layer F.SilkS) (width 0.12))
    (fp_text user KEEPOUT (at 0.03 0) (layer Cmts.User)
      (effects (font (size 0.4 0.4) (thickness 0.051)))
    )
    (pad S thru_hole rect (at 0.03 -6.48) (size 1.93 1.83) (drill 1.22) (layers *.Cu *.Mask)
      (net 1 GND))
    (pad T thru_hole oval (at 0.03 4.92) (size 2.5 2.13) (drill oval 2 1.2) (layers *.Cu *.Mask)
      (net 15 "Net-(J2-PadT)"))
    (pad TN thru_hole oval (at 0.03 -3.38) (size 2.5 2.13) (drill oval 2 1.2) (layers *.Cu *.Mask)
      (net 16 "Net-(J2-PadTN)"))
  )

  (module Attenuverter:mono_jack_3.5mm (layer F.Cu) (tedit 60FEAA3E) (tstamp 62AB3C09)
    (at 116.84 83.82 180)
    (path /63F383DE/63FA1054)
    (fp_text reference J3 (at 0 -9.1) (layer F.SilkS)
      (effects (font (size 1 1) (thickness 0.15)))
    )
    (fp_text value cv2 (at -0.03 7.11) (layer F.Fab)
      (effects (font (size 1 1) (thickness 0.15)))
    )
    (fp_line (start -1.03 -7.48) (end -0.17 -7.48) (layer F.SilkS) (width 0.12))
    (fp_line (start -0.47 6) (end -4.47 6) (layer F.SilkS) (width 0.12))
    (fp_line (start 5.03 -7.9) (end -4.97 -7.9) (layer F.CrtYd) (width 0.05))
    (fp_line (start 5.03 6.5) (end 5.03 -7.9) (layer F.CrtYd) (width 0.05))
    (fp_line (start 5.03 6.5) (end -4.97 6.5) (layer F.CrtYd) (width 0.05))
    (fp_line (start 4.53 -4.45) (end -4.47 -4.45) (layer F.Fab) (width 0.1))
    (fp_line (start 4.53 6) (end -4.47 6) (layer F.Fab) (width 0.1))
    (fp_line (start 4.53 6) (end 4.53 -4.4) (layer F.Fab) (width 0.1))
    (fp_line (start -4.97 6.5) (end -4.97 -7.9) (layer F.CrtYd) (width 0.05))
    (fp_line (start -4.47 6) (end -4.47 -4.4) (layer F.Fab) (width 0.1))
    (fp_line (start -4.47 -4.5) (end -4.47 6) (layer F.SilkS) (width 0.12))
    (fp_line (start 4.53 -4.5) (end 4.53 6) (layer F.SilkS) (width 0.12))
    (fp_circle (center 0.03 0) (end 1.53 0) (layer Dwgs.User) (width 0.12))
    (fp_line (start 0.12 1.48) (end 1.51 0.09) (layer Dwgs.User) (width 0.12))
    (fp_line (start -1.39 0.395) (end 0.43 -1.42) (layer Dwgs.User) (width 0.12))
    (fp_line (start -1.38 -0.46) (end -0.43 -1.41) (layer Dwgs.User) (width 0.12))
    (fp_line (start -0.55 1.35) (end 1.39 -0.59) (layer Dwgs.User) (width 0.12))
    (fp_line (start -1.04 1.01) (end 1.04 -1.07) (layer Dwgs.User) (width 0.12))
    (fp_line (start 4.53 6) (end 0.53 6) (layer F.SilkS) (width 0.12))
    (fp_circle (center 0.03 0) (end 1.83 0) (layer F.SilkS) (width 0.12))
    (fp_line (start -1.03 -7.48) (end -1.03 -6.68) (layer F.SilkS) (width 0.12))
    (fp_circle (center 0.03 0) (end 1.83 0) (layer F.Fab) (width 0.1))
    (fp_line (start 0.03 -6.48) (end 0.03 -4.45) (layer F.Fab) (width 0.1))
    (fp_line (start -0.32 -4.5) (end -4.47 -4.5) (layer F.SilkS) (width 0.12))
    (fp_line (start 4.53 -4.5) (end 0.38 -4.5) (layer F.SilkS) (width 0.12))
    (fp_text user KEEPOUT (at 0.03 0) (layer Cmts.User)
      (effects (font (size 0.4 0.4) (thickness 0.051)))
    )
    (pad TN thru_hole oval (at 0.03 -3.38) (size 2.5 2.13) (drill oval 2 1.2) (layers *.Cu *.Mask)
      (net 17 "Net-(J3-PadTN)"))
    (pad T thru_hole oval (at 0.03 4.92) (size 2.5 2.13) (drill oval 2 1.2) (layers *.Cu *.Mask)
      (net 18 "Net-(J3-PadT)"))
    (pad S thru_hole rect (at 0.03 -6.48) (size 1.93 1.83) (drill 1.22) (layers *.Cu *.Mask)
      (net 1 GND))
  )

  (module Attenuverter:mono_jack_3.5mm (layer F.Cu) (tedit 60FEAA3E) (tstamp 62AB3C2A)
    (at 78.74 111.76 180)
    (path /63F383DE/63FB5D6C)
    (fp_text reference J4 (at 0 -9.1) (layer F.SilkS)
      (effects (font (size 1 1) (thickness 0.15)))
    )
    (fp_text value out1 (at -0.03 7.11) (layer F.Fab)
      (effects (font (size 1 1) (thickness 0.15)))
    )
    (fp_line (start 4.53 -4.5) (end 0.38 -4.5) (layer F.SilkS) (width 0.12))
    (fp_line (start -0.32 -4.5) (end -4.47 -4.5) (layer F.SilkS) (width 0.12))
    (fp_line (start 0.03 -6.48) (end 0.03 -4.45) (layer F.Fab) (width 0.1))
    (fp_circle (center 0.03 0) (end 1.83 0) (layer F.Fab) (width 0.1))
    (fp_line (start -1.03 -7.48) (end -1.03 -6.68) (layer F.SilkS) (width 0.12))
    (fp_circle (center 0.03 0) (end 1.83 0) (layer F.SilkS) (width 0.12))
    (fp_line (start 4.53 6) (end 0.53 6) (layer F.SilkS) (width 0.12))
    (fp_line (start -1.04 1.01) (end 1.04 -1.07) (layer Dwgs.User) (width 0.12))
    (fp_line (start -0.55 1.35) (end 1.39 -0.59) (layer Dwgs.User) (width 0.12))
    (fp_line (start -1.38 -0.46) (end -0.43 -1.41) (layer Dwgs.User) (width 0.12))
    (fp_line (start -1.39 0.395) (end 0.43 -1.42) (layer Dwgs.User) (width 0.12))
    (fp_line (start 0.12 1.48) (end 1.51 0.09) (layer Dwgs.User) (width 0.12))
    (fp_circle (center 0.03 0) (end 1.53 0) (layer Dwgs.User) (width 0.12))
    (fp_line (start 4.53 -4.5) (end 4.53 6) (layer F.SilkS) (width 0.12))
    (fp_line (start -4.47 -4.5) (end -4.47 6) (layer F.SilkS) (width 0.12))
    (fp_line (start -4.47 6) (end -4.47 -4.4) (layer F.Fab) (width 0.1))
    (fp_line (start -4.97 6.5) (end -4.97 -7.9) (layer F.CrtYd) (width 0.05))
    (fp_line (start 4.53 6) (end 4.53 -4.4) (layer F.Fab) (width 0.1))
    (fp_line (start 4.53 6) (end -4.47 6) (layer F.Fab) (width 0.1))
    (fp_line (start 4.53 -4.45) (end -4.47 -4.45) (layer F.Fab) (width 0.1))
    (fp_line (start 5.03 6.5) (end -4.97 6.5) (layer F.CrtYd) (width 0.05))
    (fp_line (start 5.03 6.5) (end 5.03 -7.9) (layer F.CrtYd) (width 0.05))
    (fp_line (start 5.03 -7.9) (end -4.97 -7.9) (layer F.CrtYd) (width 0.05))
    (fp_line (start -0.47 6) (end -4.47 6) (layer F.SilkS) (width 0.12))
    (fp_line (start -1.03 -7.48) (end -0.17 -7.48) (layer F.SilkS) (width 0.12))
    (fp_text user KEEPOUT (at 0.03 0) (layer Cmts.User)
      (effects (font (size 0.4 0.4) (thickness 0.051)))
    )
    (pad S thru_hole rect (at 0.03 -6.48) (size 1.93 1.83) (drill 1.22) (layers *.Cu *.Mask)
      (net 1 GND))
    (pad T thru_hole oval (at 0.03 4.92) (size 2.5 2.13) (drill oval 2 1.2) (layers *.Cu *.Mask)
      (net 19 "Net-(J4-PadT)"))
    (pad TN thru_hole oval (at 0.03 -3.38) (size 2.5 2.13) (drill oval 2 1.2) (layers *.Cu *.Mask)
      (net 20 "Net-(J4-PadTN)"))
  )

  (module Attenuverter:mono_jack_3.5mm (layer F.Cu) (tedit 60FEAA3E) (tstamp 62ABA6DD)
    (at 91.44 111.76 180)
    (path /63F383DE/63FB5D7F)
    (fp_text reference J5 (at 0 -9.1) (layer F.SilkS)
      (effects (font (size 1 1) (thickness 0.15)))
    )
    (fp_text value out2 (at -0.03 7.11) (layer F.Fab)
      (effects (font (size 1 1) (thickness 0.15)))
    )
    (fp_line (start -1.03 -7.48) (end -0.17 -7.48) (layer F.SilkS) (width 0.12))
    (fp_line (start -0.47 6) (end -4.47 6) (layer F.SilkS) (width 0.12))
    (fp_line (start 5.03 -7.9) (end -4.97 -7.9) (layer F.CrtYd) (width 0.05))
    (fp_line (start 5.03 6.5) (end 5.03 -7.9) (layer F.CrtYd) (width 0.05))
    (fp_line (start 5.03 6.5) (end -4.97 6.5) (layer F.CrtYd) (width 0.05))
    (fp_line (start 4.53 -4.45) (end -4.47 -4.45) (layer F.Fab) (width 0.1))
    (fp_line (start 4.53 6) (end -4.47 6) (layer F.Fab) (width 0.1))
    (fp_line (start 4.53 6) (end 4.53 -4.4) (layer F.Fab) (width 0.1))
    (fp_line (start -4.97 6.5) (end -4.97 -7.9) (layer F.CrtYd) (width 0.05))
    (fp_line (start -4.47 6) (end -4.47 -4.4) (layer F.Fab) (width 0.1))
    (fp_line (start -4.47 -4.5) (end -4.47 6) (layer F.SilkS) (width 0.12))
    (fp_line (start 4.53 -4.5) (end 4.53 6) (layer F.SilkS) (width 0.12))
    (fp_circle (center 0.03 0) (end 1.53 0) (layer Dwgs.User) (width 0.12))
    (fp_line (start 0.12 1.48) (end 1.51 0.09) (layer Dwgs.User) (width 0.12))
